1.0
2.022316684378321
1.8755001538935057
1.8340359094457455
1.8262635379061372
1.7828509518650364
1.7621514551272284
1.7251221001221002
1.7587686843273642
1.7421909370875495
1.7235613136486894
1.6724032896740786
1.7208652148322543
1.6801411142143172
1.6604075691411937
1.6434704021690014
1.6238408615016453
1.6615075952995129
1.6273781212841856
1.5999108601990788
1.6013402829486225
1.6238649262202043
1.5989683124539424
1.6056072051133061
1.5955272511848342
1.583968347010551
1.5858806404657932
1.5979988228369628
1.5684528085045253
1.5437638376383764
1.5721917412647992
1.5782710280373833
1.5957662751921124
1.5569405099150142
1.5599943733295822
1.5679437508968288
1.553805387899308
1.5599228715514684
1.504733727810651
1.5433441081398767
1.5310921944885298
1.5254212017295363
1.5368941929850095
1.5560720511330621
1.5089114744439533
1.525197773220041
1.5183215979307372
1.5227374384970926
1.5032650638171565
1.5132206328565236
1.5370235139477144
1.49845792333676
1.5148999258710156
1.4938126104890983
1.5014369989411587
1.4758088453547047
1.507451564828614
1.5046728971962617
1.5198194385667936
1.4917313039660471
1.5155516431924883
1.5052766685681689
1.4942857142857142
1.4871152996613164
1.492757739278614
1.493470286133529
1.4833160314400118
1.4518016630736064
1.4495594044363416
1.4690079543749062
1.4522561863173218
1.4457221711131554
1.4645288156103464
1.4446767209198148
1.446995377503852
1.4518262437997895
1.4637637936176557
1.4557924556433577
1.4730149342007985
1.4504371017928581
1.4300502359567666
1.4402372262773722
1.4463157894736842
1.43587797844893
1.4348287359806002
1.4179538155681297
1.432925909159499
1.448448145344436
1.443687556766576
1.4171482117757301
1.427389705882353
1.432211241507103
1.4245911568746215
1.4116764220321176
1.4403767279355917
1.4008047044258742
1.4279286035698215
1.4107253564786113
1.4305974652987326
1.4319096255029402
1.4420778424762488
1.429717052504161
1.4094170403587445
1.4206723217090795
1.4187586631757276
1.4134779240898527
1.4069675376088677
1.4289461502854497
1.4038022813688213
1.3917100030590395
1.3963702912917493
1.4066260353180184
1.3896567790029508
1.4155203349282297
1.4117014742014742
1.4403885320382266
1.4127225688631868
1.3999697336561743
1.391759013578898
1.3977488902980342
1.390862173649059
1.3936498150431567
1.3955375253549696
1.3848742188751804
1.3930782663914907
1.4157251908396946
1.412579617834395
1.408431342599664
1.3929352922788372
1.4094316052467208
1.3900977609586882
1.3867982726711907
1.404591995035681
1.3968432919954905
1.3893308376228357
1.3887107119948685
1.3805351275230793
1.3773496240601504
1.3829722769277382
1.4020810684888958
1.3718094618761176
1.3775603790889637
1.3796514366462553
1.3920088091867233
1.3994119467657071
1.348095238095238
1.3690891780387178
1.399472131656575
1.3836896278701505
1.3707155267730216
1.4123951537744641
1.3769475357710652
1.371274571972099
1.3770360907058448
1.3424168694241687
1.3478889067266013
1.3812263685681407
1.3346587143803843
1.3497843794920938
1.3567490943455662
1.3592169657422513
1.3681020733652312
1.357825370675453
1.3630573248407643
1.3998406374501993
1.3561046511627908
1.3858974358974359
1.3665005626105127
1.3721266677383057
1.339110897127267
1.3561262882381808
1.3527150408457473
1.3906629923812612
1.3393087855297157
1.3726058264928376
1.364673738347798
1.37782340862423
1.3574065158080566
1.3559377027903958
1.3578099838969404
1.345228215767635
1.3556980759743462
1.3752201056507123
1.3634788088860879
1.3501816458695308
1.3318692044899951
1.3735668789808917
1.3567942056369076
1.3423756019261637
1.3466795304711368
1.3630874673629243
1.3494901960784313
1.368785399622404
1.3390286347096978
1.3212662064320593
1.3400340715502554
1.3609691775177188
1.3377214366975458
1.338037101633106
1.3474496221662469
1.3475629702322538
1.3543485289363077
1.3492347769456203
1.3548843794242567
1.3595841864860607
1.3362403100775193
1.3309096534653466
1.3462536490431398
1.3342277377159149
1.325531208499336
1.3403063745676165
1.3104045332913583
1.3400353868425285
1.3422700272917
1.3356001360081604
1.3361275476660093
1.3258220664329827
1.3135566188197767
1.3275319078402121
1.3177049180327869
1.345927379784102
1.357915120219461
1.3415326395458846
1.3286392405063292
1.3419622882710132
1.3218521527213647
1.346932321315623
1.368378024852845
1.3721080731273256
1.33
1.3601350314561915
1.3112341772151899
1.344593502505253
1.3366591567428387
1.334957764782326
1.315562649640862
1.3140930767965795
1.365453949524746
1.3332276976707336
1.329798846093872
1.322847413653316
1.3382118994591155
1.3244071624455558
1.3115218115218115
1.3159630606860158
1.3223419655782531
1.305460164835165
1.3423653171820211
1.3396008576612237
1.3263888888888888
1.315703558602677
1.3343426294820717
1.3333333333333333
1.335517080018718
1.326745718050066
1.305789296533154
1.315876974231089
1.3245344129554655
1.3097581317764804
1.325299229381866
1.3193028609010193
1.3012895662368114
1.3157462195923735
1.3070359040412172
1.3349003079915707
1.2946092085859413
1.298950174970838
1.3123204326516815
1.32180675049636
1.3182711198428292
1.3041063614944464
1.3061623736550374
1.3432030099787338
1.310418727332674
1.3001317089232796
1.3007685738684884
1.3147568013190436
1.3203162820719703
1.3163577759871072
1.3040626999360205
1.317969379532635
1.3374734433731001
1.3152485256950295
1.33387358184765
1.324132364810331
1.3109216663985845
1.3201303993480034
1.3291666666666666
1.3264759993309918
1.321148825065274
1.293758256274769
1.3163478540427584
1.3222428643810167
1.332046332046332
1.3026681944671796
1.3056578506863072
1.3274103323461666
1.3330070158263991
1.3338240104677788
1.294938624516563
1.3200751109593718
1.309555854643338
1.3007330889703432
1.3051620257287087
1.3047253297712473
1.3199867637326275
1.3170814865325604
1.305006020987442
1.3022343510148389
1.3000331895121142
1.2981499834819954
1.3137385512073272
1.318974021703387
1.3073154249028551
1.315009162085624
1.2996802961467273
1.3176371308016879
1.3063003783517027
1.316314842088038
1.2858766233766235
1.3153394803017602
1.330675967447268
1.3294522794358805
1.320514909564934
1.32386943216593
1.3124793114862627
1.312848246476565
1.321542330259849
1.2980345645543883
1.3130053908355794
1.3368315842078962
1.3486379989720747
1.3234683281412254
1.3048119559862046
1.3081127241673782
1.3242835595776772
1.3184931506849316
1.3175552233848198
1.3095075239398084
1.320062316081011
1.3107839894144888
1.2907918664242024
1.3073145953267864
1.2860096485182633
1.2847344354555048
1.2974188176519568
1.3037745178836329
1.3016453382084094
1.3176767676767678
1.2987270623243512
1.305106868983521
1.3067204772767151
1.3007289371079844
1.3021855102392015
1.3053369825521723
1.2932807679122387
1.303290888043658
1.3026072329688814
1.2892547954506874
1.3072616219884627
1.2890173410404624
1.3449211463455994
1.3161962365591398
1.3312313308994357
1.274943012449588
1.3225527499135248
1.2878813703766832
1.2822127659574467
1.3230027548209367
1.2868204283360791
1.3096234309623431
1.3176132521974306
1.311194796302636
1.2862731757101549
1.3072758037225043
1.3052613597540144
1.2895658263305323
1.3144053601340033
1.2904399603043335
1.305365201403978
1.322107369123041
1.3179964105074238
1.2851979628716939
1.286019035116508
1.3219211423008275
1.2949773223584746
1.2982133912172316
1.3014705882352942
1.2977733466267862
1.2973718364698248
1.314454084138157
1.2786621643351022
1.3129808479292846
1.3182488932611904
1.2912327846825664
1.3069207622868606
1.3095318860244234
1.3154594951328165
1.3131052291801162
1.2756147540983607
1.3012395992528443
1.3129810159055926
1.315010926206085
1.3096157073334451
1.307979847228994
1.2875717662951705
1.3013580883616984
1.290462177600831
1.2922155688622754
1.290990394170255
1.295973154362416
1.2841155837648237
1.3220709362918137
1.288588334742181
1.2949461474730737
1.3025096850261075
1.2852068904279879
1.30454387790496
1.2914986559139785
1.2789228723404256
1.3096079421167761
1.2982872647108699
1.3213623335019389
1.301988265971317
1.3174708818635608
1.2824887104867035
1.2876579203109815
1.27759932375317
1.2973971452560873
1.3060099879455829
1.303395966212722
1.2713450292397661
1.3000161995788109
1.2899082568807339
1.3044914134742405
1.2845637583892617
1.3139453398738612
1.3074117061847124
1.2792052072627613
1.2679143483392346
1.2857388021280247
1.2836627808751477
1.2924114671163576
1.2677817198851158
1.28052205517925
1.289491525423729
1.2990514228657015
1.280147181802977
1.3110340270895275
1.2784788827191653
1.2857142857142858
1.2891968609116713
1.2846865364850977
1.2826487845766974
1.2841768959139062
1.2631847567199728
1.320949957591179
1.2888320545609548
1.2880615277049468
1.2671129707112971
1.3063409737326417
1.2771370420624153
1.282880832384978
1.2724205292132835
1.3115834569121767
1.3025917199596095
1.2918143459915612
1.299865455768584
1.271615423815186
1.292420621372482
1.3039096437880104
1.2668896321070233
1.28308635666837
1.3048084759576202
1.3074912891986064
1.2681424766977363
1.2956788023137122
1.2613694868714604
1.2989435457246616
1.2771694721359699
1.2703930131004366
1.2895605350008685
1.2900337837837839
1.2774787289459977
1.2790300546448088
1.287318590186593
1.2939983093829248
1.2719784837787864
1.29099267835859
1.2697437697437697
1.297524835830948
1.3266196710305471
1.3010084033613445
1.2917714094184682
1.2793487574978577
1.289599472556453
1.2894736842105263
1.2854198866563626
1.2949508415264122
1.26423886779427
1.3056444818871105
1.2841622814462739
1.2953075775161664
1.293028887735686
1.2898137271354253
1.3022712090848363
1.2706057596822244
1.2902517317114377
1.2988429752066115
1.3031394750386
1.2794590025359256
1.3234231274638633
1.268334475668266
1.2764735686539437
1.2834512976070105
1.2879113610054573
1.2943032718817473
1.2863022719789265
1.2765208647561588
1.285496183206107
1.276965422329262
1.2772126144455749
1.3002973240832507
1.2810957971754295
1.2690397350993377
1.2821881254169447
1.289103541772581
1.2846543001686341
1.282499160228418
1.2602014683284959
1.2795481369077728
1.2906127991851977
1.2773166186684737
1.2756612876393278
1.2583333333333333
1.266084327229968
1.2804088586030664
1.2683518005540166
1.296729367903745
1.2585910652920962
1.2714477211796247
1.2797405700631508
1.297829716193656
1.2605421686746987
1.2886859462201927
1.288255033557047
1.3239249543416902
1.2760460076679447
1.3070218714027297
1.2860768059549992
1.2769491525423728
1.2851128326035701
1.2886302294197032
1.2855939342881213
1.2823710283566792
1.2962459656871073
1.2823630136986301
1.266163608300463
1.2669520547945206
1.265973503270166
1.3028468586387434
1.2787286063569683
1.2783825816485226
1.291538198013018
1.2766064257028114
1.2863692470463763
1.2788048861010235
1.2804546996946047
1.2871732733252552
1.2850539291217258
1.3152191758331966
1.2939910610826022
1.2785350632287733
1.2761492338441038
1.2927704665869082
1.2813536828135368
1.270438020925696
1.2624658469945356
1.2785618279569892
1.2652642380708055
1.2708691171418756
1.2764607679465776
1.272823591735829
1.2742171020606847
1.2802709568162574
1.2908540685944856
1.2805274875834902
1.3033215309391333
1.2625200499019782
1.2711601448026202
1.2997265892002734
1.2863204344874406
1.2591113330004993
1.2872028655161185
1.2706995606623859
1.2640026751379367
1.3017964071856287
1.273744855967078
1.268697586856067
1.2732898478006356
1.2767546042807367
1.2735364601163985
1.2724436741767764
1.2813088915538804
1.2741935483870968
1.292759706190976
1.2734593837535013
1.2780470914127424
1.2820033955857386
1.24878892733564
1.2722522208674447
1.277085496711665
1.28035804762709
1.2673871361338678
1.239187532831378
1.2768545485694707
1.3023909985935302
1.2743706707214058
1.2913451861791345
1.2752973625237027
1.277701778385773
1.2934944545605032
1.2779547062986554
1.2592338086239478
1.278600269179004
1.2599035480537375
1.271342484097757
1.3008023579498935
1.2523967230259718
1.2850832483860006
1.2819368131868132
1.2738651535380507
1.271632547737829
1.2484514796971782
1.2599862258953167
1.2726501526976586
1.2657720460090625
1.2705363204344875
1.2671755725190839
1.2882674168459374
1.287989158055226
1.2607517778530308
1.2669950738916256
1.2540955036598118
1.2742652084757349
1.2629674306393246
1.291080617495712
1.2518419290020093
1.2737439779766002
1.2825934987766516
1.2612168592794017
1.254423213021939
1.2775054926483016
1.260427438814202
1.2754237288135593
1.2521398002853068
1.289530806478544
1.3140617344439
1.2576750603656432
1.2649730820995961
1.2738313092663451
1.2891747410624792
1.286627417998318
1.2681933842239186
1.2617888907534822
1.2753456221198156
1.2570315147407658
1.2458413587812993
1.2693503800967518
1.2789332438778933
1.2873424279053705
1.2496515679442508
1.269318380935693
1.2616643454038998
1.278021399754429
1.2652380115931847
1.2624916722185209
1.263770099213137
1.252113891285591
1.2434187434187434
1.2502983802216538
1.2977335164835164
1.266979768786127
1.2409407665505225
1.2658620689655173
1.2796581769436997
1.3071354705274043
1.278992478572678
1.272463272975743
1.260642009769714
1.2638517726705862
1.2291043462959705
1.2600668190610163
1.2792418772563177
1.2493465760585467
1.2826164237468893
1.2992663368025934
1.2739864864864865
1.2682800345721694
1.249451476793249
1.2825727513227514
1.2858115005103776
1.2690681549129037
1.2566044085478714
1.2772776377385668
1.2926955620790883
1.266268146883006
1.2762537130875415
1.280942334739803
1.2689246401354783
1.264301860545992
1.2781379883624273
1.2680090262107273
1.2753574432296046
1.2885849375211078
1.2658483268875063
1.2582530949105915
1.2912423625254583
1.2806406685236769
1.2684035670571778
1.2773178807947019
1.27434554973822
1.2763180491155761
1.255940594059406
1.2992046031477407
1.3064596895343015
1.2439696760854584
1.2736384898095556
1.2664485015501206
1.2355328158080452
1.269660861594867
1.2745635056487505
1.2704124936343575
1.295256365538891
1.2773900907187719
1.2691731824987522
1.2567706547823105
1.2552709531277226
1.2736227045075126
1.2619128658951668
1.2555574126692295
1.2591961852861036
1.2541631623212783
1.2493192648059905
1.2745535714285714
1.2682503901508584
1.2538204812928158
1.2591188154568436
1.2616972069026864
1.265619779485466
1.2503551136363635
1.2559339525283797
1.2681234824835241
1.261102731690967
1.2708736157496925
1.2660250902216876
1.2494311220024505
1.2641221374045801
1.251309814879497
1.2485817431665807
1.2586023412557645
1.2630195498603582
1.2537234974592606
1.2565463552724698
1.2428977272727273
1.2676579925650557
1.2759417199715708
1.2578523269199144
1.2449778685733741
1.265108225108225
1.2816032887975335
1.2671859126312224
1.2740122615803815
1.2724940130003422
1.2641445126107702
1.2731923601637107
1.268848526387937
1.2597889002383384
1.2586502226789997
1.2489774141917127
1.252754820936639
1.2632415254237288
1.2595066803699897
1.2466216216216217
1.255561394289718
1.251107325383305
1.2463695543314972
1.2613482384823849
1.2352014010507881
1.2708263069139967
1.2904550119739993
1.243720769097523
1.2490494296577948
1.2541164488202343
1.2775503241214603
1.2230075985156388
1.2590646347871781
1.2447564569249436
1.2501644736842106
1.2392463562033416
1.2472212866284944
1.2556545579163811
1.271062892015596
1.253194351042367
1.2603581460674158
1.2714752969530039
1.2544650450756931
1.255136680364481
1.269838601210491
1.2598425196850394
1.2464248343215905
1.2503879979306778
1.2813965607087026
1.2581597222222223
1.262888418079096
1.2413312423767207
1.2588841201716738
1.272790901137358
1.3003043625295907
1.263433592429875
1.2826607387140903
1.2625423728813558
1.2407897056231272
1.2559792027729637
1.2588701343437823
1.2901682905225864
1.267583006069261
1.241287811781355
1.280040906766661
1.2489067692845899
1.267696486165337
1.2553119156892742
1.261685552407932
1.2558375634517767
1.2687416331994645
1.2763507528786537
1.2749052051016891
1.2387727116900926
1.256930006930007
1.2401269393511989
1.254368932038835
1.2516853932584269
1.2636920384951882
1.2520325203252032
1.2677925211097707
1.252135231316726
1.2791905444126075
1.2347539847539848
1.2619958275382475
1.2429595941927585
1.2602832097100471
1.2611332524692427
1.2542168674698795
1.264230498945889
1.2604484304932735
1.2307141578664758
1.2535843841768872
1.2577731457356263
1.2708368842679394
1.2556134363211784
1.2487606232294617
1.2652465212162858
1.2519598906107565
1.2580369357045145
1.247841726618705
1.2459558184032005
1.2442523768366465
1.2564846416382252
1.280988917306053
1.2408228409292428
1.2505604414554234
1.26588687150838
1.2525269830392325
1.2644784327203986
1.245681381